{
 "cells": [
  {
   "cell_type": "markdown",
   "id": "25bfe483-aa04-4133-85bd-7f05dbf3e2d0",
   "metadata": {},
   "source": [
    "# The Meme Stock Phenomenon: An Analysis of Wall Street Bets\n",
    "\n",
    "Wall Street Bets (WSB) is a stock trading forum on the social media website Reddit. In early 2021, users of WSB drove the purchase price of GameStop up from \\\\$20 a share to nearly $500. GameStop was just the first of many “meme stocks,” stocks that have gained a cult-like following via social media.Although there have been other meme stock successes such as AMC and BB (Blackberry Limited), there have also been meme stocks that haven’t quite achieved the same sort of short squeeze success. These include stocks such as BBBY (Bed Bath and Beyond Inc.) and HOOD (Robinhood Markets Inc.). Could these differences in outcomes be explained by the enthusiasm, or lack thereof, of the community behind the meme stocks? \n",
    "\n",
    "The three questions I am looking to answer in this analysis are:\n",
    "1. Are the sentiments of social media posts a good indicator of the future performance of meme stocks?\n",
    "\n",
    "2. Are there differences in the sentiment of posts about successful meme stocks (pre short squeeze) versus unsuccessful meme stocks?\n",
    "\n",
    "3. Is there a critical mass of social media community size (based on number of unique posters) that leads to meme stock success?\n",
    "\n",
    "The data used in this analysis was extracted from Reddit using the Python packages [PSAW](https://psaw.readthedocs.io/en/latest/) and [PRAW](https://praw.readthedocs.io/en/stable/). Stock data was pulled from [Stooq](https://stooq.com/).\n",
    "\n",
    "To understand how the sentiments of social media posts affect the future performance of a stock, I will need to aggregate sentiment scores and calculate a forward rolling average of stock prices. Then I will need to check if there is a correlation between the sentiment scores and the rolling averages.\n",
    "\n",
    "I have calculated sentiment scores in two ways: using the [VADER model](https://www.nltk.org/_modules/nltk/sentiment/vader.html) provided as a module in the Python package NLTK, and using the [Twitter-roBERTa-base-sentiment model](https://huggingface.co/cardiffnlp/twitter-roberta-base-sentiment) available on Hugging Face Hub by Cardiff NLP. VADER, which stands for Valence Aware Dictionary for Sentiment Reasoning, is a dictionary-based approach that maps lexical features to sentiment scores. The Twitter-roBERTa-base-sentiment model, which I will refer to as roBERTa from here on out, is a transformer-based neural network trained on 58 million tweets. It is available along with a tokenizer that transforms input text into embeddings. \n",
    "\n",
    "Sentiment score within my dataset is a categorical variable. A post can either be classified as `negative`, `neutral` or `positive`. These classifications represent the most probable class returned by the sentiment analysis models. In order to aggregate sentiment scores, I will transform them into the numerical values -1, 0, and 1 for `negative`, `neutral` or `positive` respectively."
   ]
  },
  {
   "cell_type": "code",
   "execution_count": 1,
   "id": "2becbd39-9ad7-4749-8405-4375769bc3cf",
   "metadata": {
    "tags": []
   },
   "outputs": [
    {
     "data": {
      "text/plain": [
       "True"
      ]
     },
     "execution_count": 1,
     "metadata": {},
     "output_type": "execute_result"
    }
   ],
   "source": [
    "from typing import List\n",
    "\n",
    "from dotenv import load_dotenv\n",
    "from matplotlib import pyplot as plt\n",
    "import matplotlib.dates as mdates\n",
    "import pandas as pd\n",
    "import psycopg2\n",
    "import seaborn as sns\n",
    "from scipy.stats import ttest_ind, ranksums\n",
    "from statsmodels.tsa.stattools import grangercausalitytests\n",
    "\n",
    "from analysis import post\n",
    "from analysis import stock\n",
    "from analysis import utils\n",
    "\n",
    "\n",
    "load_dotenv()"
   ]
  },
  {
   "cell_type": "markdown",
   "id": "4cd93f9c-77bf-48f9-a292-469255ea1dcc",
   "metadata": {},
   "source": [
    "## Are the sentiments of social media posts a good indicator of the future performance of meme stocks?"
   ]
  },
  {
   "cell_type": "code",
   "execution_count": 2,
   "id": "5322398d-b224-476e-9272-692aaddb5d75",
   "metadata": {},
   "outputs": [],
   "source": [
    "def get_merged_data(\n",
    "    symbols: List[str], \n",
    "    score_column: str, \n",
    "    start_date: str,\n",
    "    end_date: str,\n",
    "    window: int\n",
    "):\n",
    "    \"\"\"Get merged post and stock data\"\"\"\n",
    "    posts = post.get_data(symbols)\n",
    "    posts = utils.get_date_range(posts, start_date, end_date, \"created_date\")\n",
    "    \n",
    "    stocks = stock.get_data(symbols, window=window)\n",
    "    stocks = utils.get_date_range(stocks, start_date, end_date, \"Date\")\n",
    "    \n",
    "    posts_with_sentiment = post.prepare_sentiment_scores(posts, score_column)\n",
    "    aggregated_posts = post.aggregate(posts_with_sentiment, score_column)\n",
    "    return utils.merge_stocks_and_posts(stocks, aggregated_posts)\n",
    "\n",
    "\n",
    "def find_correlation(\n",
    "    symbols: List[str], \n",
    "    score_column: str, \n",
    "    start_date: str,\n",
    "    end_date: str,\n",
    "    window: int = 5,\n",
    "    method: str = \"pearson\"\n",
    "):\n",
    "    \"\"\"Find the correlation between sentiment and stock metrics for a given stock.\"\"\"\n",
    "    merged = get_merged_data(symbols, score_column, start_date, end_date, window)\n",
    "    return merged.corr(method=method, numeric_only=True)"
   ]
  },
  {
   "cell_type": "markdown",
   "id": "995a703b-e738-4231-a257-f6c53a6e78be",
   "metadata": {},
   "source": [
    "### Testing for Correlation"
   ]
  },
  {
   "cell_type": "markdown",
   "id": "ce8c3ec4-15a0-4d46-9412-a776b4c120df",
   "metadata": {
    "tags": []
   },
   "source": [
    "#### GME"
   ]
  },
  {
   "cell_type": "code",
   "execution_count": 3,
   "id": "06dbdc06-781d-4d27-8e53-6514f226b110",
   "metadata": {},
   "outputs": [
    {
     "data": {
      "text/html": [
       "<div>\n",
       "<style scoped>\n",
       "    .dataframe tbody tr th:only-of-type {\n",
       "        vertical-align: middle;\n",
       "    }\n",
       "\n",
       "    .dataframe tbody tr th {\n",
       "        vertical-align: top;\n",
       "    }\n",
       "\n",
       "    .dataframe thead th {\n",
       "        text-align: right;\n",
       "    }\n",
       "</style>\n",
       "<table border=\"1\" class=\"dataframe\">\n",
       "  <thead>\n",
       "    <tr style=\"text-align: right;\">\n",
       "      <th></th>\n",
       "      <th>roberta_score_title</th>\n",
       "      <th>Open</th>\n",
       "      <th>High</th>\n",
       "      <th>Low</th>\n",
       "      <th>Close</th>\n",
       "      <th>Volume</th>\n",
       "      <th>Rolling_Open</th>\n",
       "      <th>Rolling_High</th>\n",
       "      <th>Rolling_Low</th>\n",
       "      <th>Rolling_Close</th>\n",
       "      <th>Rolling_Volume</th>\n",
       "    </tr>\n",
       "  </thead>\n",
       "  <tbody>\n",
       "    <tr>\n",
       "      <th>roberta_score_title</th>\n",
       "      <td>1.000000</td>\n",
       "      <td>0.062059</td>\n",
       "      <td>0.071997</td>\n",
       "      <td>0.037929</td>\n",
       "      <td>0.053003</td>\n",
       "      <td>0.116734</td>\n",
       "      <td>0.025549</td>\n",
       "      <td>0.022525</td>\n",
       "      <td>-0.012842</td>\n",
       "      <td>-0.004335</td>\n",
       "      <td>0.046152</td>\n",
       "    </tr>\n",
       "    <tr>\n",
       "      <th>Open</th>\n",
       "      <td>0.062059</td>\n",
       "      <td>1.000000</td>\n",
       "      <td>0.993870</td>\n",
       "      <td>0.974533</td>\n",
       "      <td>0.983252</td>\n",
       "      <td>0.006336</td>\n",
       "      <td>0.789692</td>\n",
       "      <td>0.751030</td>\n",
       "      <td>0.795426</td>\n",
       "      <td>0.761044</td>\n",
       "      <td>-0.355896</td>\n",
       "    </tr>\n",
       "    <tr>\n",
       "      <th>High</th>\n",
       "      <td>0.071997</td>\n",
       "      <td>0.993870</td>\n",
       "      <td>1.000000</td>\n",
       "      <td>0.967751</td>\n",
       "      <td>0.984142</td>\n",
       "      <td>0.050193</td>\n",
       "      <td>0.783478</td>\n",
       "      <td>0.746824</td>\n",
       "      <td>0.783234</td>\n",
       "      <td>0.752521</td>\n",
       "      <td>-0.332610</td>\n",
       "    </tr>\n",
       "    <tr>\n",
       "      <th>Low</th>\n",
       "      <td>0.037929</td>\n",
       "      <td>0.974533</td>\n",
       "      <td>0.967751</td>\n",
       "      <td>1.000000</td>\n",
       "      <td>0.991531</td>\n",
       "      <td>-0.137220</td>\n",
       "      <td>0.849465</td>\n",
       "      <td>0.801060</td>\n",
       "      <td>0.863012</td>\n",
       "      <td>0.822951</td>\n",
       "      <td>-0.439120</td>\n",
       "    </tr>\n",
       "    <tr>\n",
       "      <th>Close</th>\n",
       "      <td>0.053003</td>\n",
       "      <td>0.983252</td>\n",
       "      <td>0.984142</td>\n",
       "      <td>0.991531</td>\n",
       "      <td>1.000000</td>\n",
       "      <td>-0.081875</td>\n",
       "      <td>0.829567</td>\n",
       "      <td>0.785427</td>\n",
       "      <td>0.834037</td>\n",
       "      <td>0.798360</td>\n",
       "      <td>-0.393372</td>\n",
       "    </tr>\n",
       "    <tr>\n",
       "      <th>Volume</th>\n",
       "      <td>0.116734</td>\n",
       "      <td>0.006336</td>\n",
       "      <td>0.050193</td>\n",
       "      <td>-0.137220</td>\n",
       "      <td>-0.081875</td>\n",
       "      <td>1.000000</td>\n",
       "      <td>-0.114346</td>\n",
       "      <td>-0.071189</td>\n",
       "      <td>-0.164231</td>\n",
       "      <td>-0.119896</td>\n",
       "      <td>0.292567</td>\n",
       "    </tr>\n",
       "    <tr>\n",
       "      <th>Rolling_Open</th>\n",
       "      <td>0.025549</td>\n",
       "      <td>0.789692</td>\n",
       "      <td>0.783478</td>\n",
       "      <td>0.849465</td>\n",
       "      <td>0.829567</td>\n",
       "      <td>-0.114346</td>\n",
       "      <td>1.000000</td>\n",
       "      <td>0.989151</td>\n",
       "      <td>0.988849</td>\n",
       "      <td>0.991973</td>\n",
       "      <td>-0.333047</td>\n",
       "    </tr>\n",
       "    <tr>\n",
       "      <th>Rolling_High</th>\n",
       "      <td>0.022525</td>\n",
       "      <td>0.751030</td>\n",
       "      <td>0.746824</td>\n",
       "      <td>0.801060</td>\n",
       "      <td>0.785427</td>\n",
       "      <td>-0.071189</td>\n",
       "      <td>0.989151</td>\n",
       "      <td>1.000000</td>\n",
       "      <td>0.967243</td>\n",
       "      <td>0.991007</td>\n",
       "      <td>-0.235350</td>\n",
       "    </tr>\n",
       "    <tr>\n",
       "      <th>Rolling_Low</th>\n",
       "      <td>-0.012842</td>\n",
       "      <td>0.795426</td>\n",
       "      <td>0.783234</td>\n",
       "      <td>0.863012</td>\n",
       "      <td>0.834037</td>\n",
       "      <td>-0.164231</td>\n",
       "      <td>0.988849</td>\n",
       "      <td>0.967243</td>\n",
       "      <td>1.000000</td>\n",
       "      <td>0.987979</td>\n",
       "      <td>-0.413270</td>\n",
       "    </tr>\n",
       "    <tr>\n",
       "      <th>Rolling_Close</th>\n",
       "      <td>-0.004335</td>\n",
       "      <td>0.761044</td>\n",
       "      <td>0.752521</td>\n",
       "      <td>0.822951</td>\n",
       "      <td>0.798360</td>\n",
       "      <td>-0.119896</td>\n",
       "      <td>0.991973</td>\n",
       "      <td>0.991007</td>\n",
       "      <td>0.987979</td>\n",
       "      <td>1.000000</td>\n",
       "      <td>-0.319340</td>\n",
       "    </tr>\n",
       "    <tr>\n",
       "      <th>Rolling_Volume</th>\n",
       "      <td>0.046152</td>\n",
       "      <td>-0.355896</td>\n",
       "      <td>-0.332610</td>\n",
       "      <td>-0.439120</td>\n",
       "      <td>-0.393372</td>\n",
       "      <td>0.292567</td>\n",
       "      <td>-0.333047</td>\n",
       "      <td>-0.235350</td>\n",
       "      <td>-0.413270</td>\n",
       "      <td>-0.319340</td>\n",
       "      <td>1.000000</td>\n",
       "    </tr>\n",
       "  </tbody>\n",
       "</table>\n",
       "</div>"
      ],
      "text/plain": [
       "                     roberta_score_title      Open      High       Low  \\\n",
       "roberta_score_title             1.000000  0.062059  0.071997  0.037929   \n",
       "Open                            0.062059  1.000000  0.993870  0.974533   \n",
       "High                            0.071997  0.993870  1.000000  0.967751   \n",
       "Low                             0.037929  0.974533  0.967751  1.000000   \n",
       "Close                           0.053003  0.983252  0.984142  0.991531   \n",
       "Volume                          0.116734  0.006336  0.050193 -0.137220   \n",
       "Rolling_Open                    0.025549  0.789692  0.783478  0.849465   \n",
       "Rolling_High                    0.022525  0.751030  0.746824  0.801060   \n",
       "Rolling_Low                    -0.012842  0.795426  0.783234  0.863012   \n",
       "Rolling_Close                  -0.004335  0.761044  0.752521  0.822951   \n",
       "Rolling_Volume                  0.046152 -0.355896 -0.332610 -0.439120   \n",
       "\n",
       "                        Close    Volume  Rolling_Open  Rolling_High  \\\n",
       "roberta_score_title  0.053003  0.116734      0.025549      0.022525   \n",
       "Open                 0.983252  0.006336      0.789692      0.751030   \n",
       "High                 0.984142  0.050193      0.783478      0.746824   \n",
       "Low                  0.991531 -0.137220      0.849465      0.801060   \n",
       "Close                1.000000 -0.081875      0.829567      0.785427   \n",
       "Volume              -0.081875  1.000000     -0.114346     -0.071189   \n",
       "Rolling_Open         0.829567 -0.114346      1.000000      0.989151   \n",
       "Rolling_High         0.785427 -0.071189      0.989151      1.000000   \n",
       "Rolling_Low          0.834037 -0.164231      0.988849      0.967243   \n",
       "Rolling_Close        0.798360 -0.119896      0.991973      0.991007   \n",
       "Rolling_Volume      -0.393372  0.292567     -0.333047     -0.235350   \n",
       "\n",
       "                     Rolling_Low  Rolling_Close  Rolling_Volume  \n",
       "roberta_score_title    -0.012842      -0.004335        0.046152  \n",
       "Open                    0.795426       0.761044       -0.355896  \n",
       "High                    0.783234       0.752521       -0.332610  \n",
       "Low                     0.863012       0.822951       -0.439120  \n",
       "Close                   0.834037       0.798360       -0.393372  \n",
       "Volume                 -0.164231      -0.119896        0.292567  \n",
       "Rolling_Open            0.988849       0.991973       -0.333047  \n",
       "Rolling_High            0.967243       0.991007       -0.235350  \n",
       "Rolling_Low             1.000000       0.987979       -0.413270  \n",
       "Rolling_Close           0.987979       1.000000       -0.319340  \n",
       "Rolling_Volume         -0.413270      -0.319340        1.000000  "
      ]
     },
     "execution_count": 3,
     "metadata": {},
     "output_type": "execute_result"
    }
   ],
   "source": [
    "find_correlation([\"GME\"], \"roberta_score_title\", \"2020-12-01\", \"2022-01-01\", window=2)"
   ]
  },
  {
   "cell_type": "markdown",
   "id": "b6db832f-52aa-4385-9fd8-87861309b688",
   "metadata": {},
   "source": [
    "#### AMC"
   ]
  },
  {
   "cell_type": "code",
   "execution_count": 4,
   "id": "6520208d-4f47-4938-8735-3953429c6eb8",
   "metadata": {},
   "outputs": [
    {
     "data": {
      "text/html": [
       "<div>\n",
       "<style scoped>\n",
       "    .dataframe tbody tr th:only-of-type {\n",
       "        vertical-align: middle;\n",
       "    }\n",
       "\n",
       "    .dataframe tbody tr th {\n",
       "        vertical-align: top;\n",
       "    }\n",
       "\n",
       "    .dataframe thead th {\n",
       "        text-align: right;\n",
       "    }\n",
       "</style>\n",
       "<table border=\"1\" class=\"dataframe\">\n",
       "  <thead>\n",
       "    <tr style=\"text-align: right;\">\n",
       "      <th></th>\n",
       "      <th>roberta_score_title</th>\n",
       "      <th>Open</th>\n",
       "      <th>High</th>\n",
       "      <th>Low</th>\n",
       "      <th>Close</th>\n",
       "      <th>Volume</th>\n",
       "      <th>Rolling_Open</th>\n",
       "      <th>Rolling_High</th>\n",
       "      <th>Rolling_Low</th>\n",
       "      <th>Rolling_Close</th>\n",
       "      <th>Rolling_Volume</th>\n",
       "    </tr>\n",
       "  </thead>\n",
       "  <tbody>\n",
       "    <tr>\n",
       "      <th>roberta_score_title</th>\n",
       "      <td>1.000000</td>\n",
       "      <td>0.014018</td>\n",
       "      <td>0.001348</td>\n",
       "      <td>0.011510</td>\n",
       "      <td>0.012437</td>\n",
       "      <td>0.013113</td>\n",
       "      <td>0.002933</td>\n",
       "      <td>-0.012188</td>\n",
       "      <td>-0.002271</td>\n",
       "      <td>-0.005729</td>\n",
       "      <td>-0.172810</td>\n",
       "    </tr>\n",
       "    <tr>\n",
       "      <th>Open</th>\n",
       "      <td>0.014018</td>\n",
       "      <td>1.000000</td>\n",
       "      <td>0.979529</td>\n",
       "      <td>0.996795</td>\n",
       "      <td>0.983245</td>\n",
       "      <td>0.210749</td>\n",
       "      <td>0.968357</td>\n",
       "      <td>0.961937</td>\n",
       "      <td>0.966067</td>\n",
       "      <td>0.966920</td>\n",
       "      <td>-0.064248</td>\n",
       "    </tr>\n",
       "    <tr>\n",
       "      <th>High</th>\n",
       "      <td>0.001348</td>\n",
       "      <td>0.979529</td>\n",
       "      <td>1.000000</td>\n",
       "      <td>0.978029</td>\n",
       "      <td>0.995472</td>\n",
       "      <td>0.343288</td>\n",
       "      <td>0.974155</td>\n",
       "      <td>0.968352</td>\n",
       "      <td>0.969123</td>\n",
       "      <td>0.969831</td>\n",
       "      <td>-0.027634</td>\n",
       "    </tr>\n",
       "    <tr>\n",
       "      <th>Low</th>\n",
       "      <td>0.011510</td>\n",
       "      <td>0.996795</td>\n",
       "      <td>0.978029</td>\n",
       "      <td>1.000000</td>\n",
       "      <td>0.986661</td>\n",
       "      <td>0.178368</td>\n",
       "      <td>0.964591</td>\n",
       "      <td>0.955953</td>\n",
       "      <td>0.962171</td>\n",
       "      <td>0.962597</td>\n",
       "      <td>-0.085016</td>\n",
       "    </tr>\n",
       "    <tr>\n",
       "      <th>Close</th>\n",
       "      <td>0.012437</td>\n",
       "      <td>0.983245</td>\n",
       "      <td>0.995472</td>\n",
       "      <td>0.986661</td>\n",
       "      <td>1.000000</td>\n",
       "      <td>0.275548</td>\n",
       "      <td>0.971310</td>\n",
       "      <td>0.962294</td>\n",
       "      <td>0.967511</td>\n",
       "      <td>0.966818</td>\n",
       "      <td>-0.065687</td>\n",
       "    </tr>\n",
       "    <tr>\n",
       "      <th>Volume</th>\n",
       "      <td>0.013113</td>\n",
       "      <td>0.210749</td>\n",
       "      <td>0.343288</td>\n",
       "      <td>0.178368</td>\n",
       "      <td>0.275548</td>\n",
       "      <td>1.000000</td>\n",
       "      <td>0.324237</td>\n",
       "      <td>0.346165</td>\n",
       "      <td>0.312909</td>\n",
       "      <td>0.320837</td>\n",
       "      <td>0.358456</td>\n",
       "    </tr>\n",
       "    <tr>\n",
       "      <th>Rolling_Open</th>\n",
       "      <td>0.002933</td>\n",
       "      <td>0.968357</td>\n",
       "      <td>0.974155</td>\n",
       "      <td>0.964591</td>\n",
       "      <td>0.971310</td>\n",
       "      <td>0.324237</td>\n",
       "      <td>1.000000</td>\n",
       "      <td>0.995869</td>\n",
       "      <td>0.998443</td>\n",
       "      <td>0.996238</td>\n",
       "      <td>0.015084</td>\n",
       "    </tr>\n",
       "    <tr>\n",
       "      <th>Rolling_High</th>\n",
       "      <td>-0.012188</td>\n",
       "      <td>0.961937</td>\n",
       "      <td>0.968352</td>\n",
       "      <td>0.955953</td>\n",
       "      <td>0.962294</td>\n",
       "      <td>0.346165</td>\n",
       "      <td>0.995869</td>\n",
       "      <td>1.000000</td>\n",
       "      <td>0.995531</td>\n",
       "      <td>0.998712</td>\n",
       "      <td>0.079097</td>\n",
       "    </tr>\n",
       "    <tr>\n",
       "      <th>Rolling_Low</th>\n",
       "      <td>-0.002271</td>\n",
       "      <td>0.966067</td>\n",
       "      <td>0.969123</td>\n",
       "      <td>0.962171</td>\n",
       "      <td>0.967511</td>\n",
       "      <td>0.312909</td>\n",
       "      <td>0.998443</td>\n",
       "      <td>0.995531</td>\n",
       "      <td>1.000000</td>\n",
       "      <td>0.997249</td>\n",
       "      <td>0.008178</td>\n",
       "    </tr>\n",
       "    <tr>\n",
       "      <th>Rolling_Close</th>\n",
       "      <td>-0.005729</td>\n",
       "      <td>0.966920</td>\n",
       "      <td>0.969831</td>\n",
       "      <td>0.962597</td>\n",
       "      <td>0.966818</td>\n",
       "      <td>0.320837</td>\n",
       "      <td>0.996238</td>\n",
       "      <td>0.998712</td>\n",
       "      <td>0.997249</td>\n",
       "      <td>1.000000</td>\n",
       "      <td>0.053761</td>\n",
       "    </tr>\n",
       "    <tr>\n",
       "      <th>Rolling_Volume</th>\n",
       "      <td>-0.172810</td>\n",
       "      <td>-0.064248</td>\n",
       "      <td>-0.027634</td>\n",
       "      <td>-0.085016</td>\n",
       "      <td>-0.065687</td>\n",
       "      <td>0.358456</td>\n",
       "      <td>0.015084</td>\n",
       "      <td>0.079097</td>\n",
       "      <td>0.008178</td>\n",
       "      <td>0.053761</td>\n",
       "      <td>1.000000</td>\n",
       "    </tr>\n",
       "  </tbody>\n",
       "</table>\n",
       "</div>"
      ],
      "text/plain": [
       "                     roberta_score_title      Open      High       Low  \\\n",
       "roberta_score_title             1.000000  0.014018  0.001348  0.011510   \n",
       "Open                            0.014018  1.000000  0.979529  0.996795   \n",
       "High                            0.001348  0.979529  1.000000  0.978029   \n",
       "Low                             0.011510  0.996795  0.978029  1.000000   \n",
       "Close                           0.012437  0.983245  0.995472  0.986661   \n",
       "Volume                          0.013113  0.210749  0.343288  0.178368   \n",
       "Rolling_Open                    0.002933  0.968357  0.974155  0.964591   \n",
       "Rolling_High                   -0.012188  0.961937  0.968352  0.955953   \n",
       "Rolling_Low                    -0.002271  0.966067  0.969123  0.962171   \n",
       "Rolling_Close                  -0.005729  0.966920  0.969831  0.962597   \n",
       "Rolling_Volume                 -0.172810 -0.064248 -0.027634 -0.085016   \n",
       "\n",
       "                        Close    Volume  Rolling_Open  Rolling_High  \\\n",
       "roberta_score_title  0.012437  0.013113      0.002933     -0.012188   \n",
       "Open                 0.983245  0.210749      0.968357      0.961937   \n",
       "High                 0.995472  0.343288      0.974155      0.968352   \n",
       "Low                  0.986661  0.178368      0.964591      0.955953   \n",
       "Close                1.000000  0.275548      0.971310      0.962294   \n",
       "Volume               0.275548  1.000000      0.324237      0.346165   \n",
       "Rolling_Open         0.971310  0.324237      1.000000      0.995869   \n",
       "Rolling_High         0.962294  0.346165      0.995869      1.000000   \n",
       "Rolling_Low          0.967511  0.312909      0.998443      0.995531   \n",
       "Rolling_Close        0.966818  0.320837      0.996238      0.998712   \n",
       "Rolling_Volume      -0.065687  0.358456      0.015084      0.079097   \n",
       "\n",
       "                     Rolling_Low  Rolling_Close  Rolling_Volume  \n",
       "roberta_score_title    -0.002271      -0.005729       -0.172810  \n",
       "Open                    0.966067       0.966920       -0.064248  \n",
       "High                    0.969123       0.969831       -0.027634  \n",
       "Low                     0.962171       0.962597       -0.085016  \n",
       "Close                   0.967511       0.966818       -0.065687  \n",
       "Volume                  0.312909       0.320837        0.358456  \n",
       "Rolling_Open            0.998443       0.996238        0.015084  \n",
       "Rolling_High            0.995531       0.998712        0.079097  \n",
       "Rolling_Low             1.000000       0.997249        0.008178  \n",
       "Rolling_Close           0.997249       1.000000        0.053761  \n",
       "Rolling_Volume          0.008178       0.053761        1.000000  "
      ]
     },
     "execution_count": 4,
     "metadata": {},
     "output_type": "execute_result"
    }
   ],
   "source": [
    "find_correlation([\"AMC\"], \"roberta_score_title\", \"2020-12-01\", \"2022-01-01\", window=2)"
   ]
  },
  {
   "cell_type": "markdown",
   "id": "02e642bf-000a-4bd8-ae84-49d51878570c",
   "metadata": {},
   "source": [
    "#### BBBY"
   ]
  },
  {
   "cell_type": "code",
   "execution_count": 5,
   "id": "320acc60-a597-405f-9423-2711b8669267",
   "metadata": {},
   "outputs": [
    {
     "data": {
      "text/html": [
       "<div>\n",
       "<style scoped>\n",
       "    .dataframe tbody tr th:only-of-type {\n",
       "        vertical-align: middle;\n",
       "    }\n",
       "\n",
       "    .dataframe tbody tr th {\n",
       "        vertical-align: top;\n",
       "    }\n",
       "\n",
       "    .dataframe thead th {\n",
       "        text-align: right;\n",
       "    }\n",
       "</style>\n",
       "<table border=\"1\" class=\"dataframe\">\n",
       "  <thead>\n",
       "    <tr style=\"text-align: right;\">\n",
       "      <th></th>\n",
       "      <th>roberta_score_title</th>\n",
       "      <th>Open</th>\n",
       "      <th>High</th>\n",
       "      <th>Low</th>\n",
       "      <th>Close</th>\n",
       "      <th>Volume</th>\n",
       "      <th>Rolling_Open</th>\n",
       "      <th>Rolling_High</th>\n",
       "      <th>Rolling_Low</th>\n",
       "      <th>Rolling_Close</th>\n",
       "      <th>Rolling_Volume</th>\n",
       "    </tr>\n",
       "  </thead>\n",
       "  <tbody>\n",
       "    <tr>\n",
       "      <th>roberta_score_title</th>\n",
       "      <td>1.000000</td>\n",
       "      <td>0.059253</td>\n",
       "      <td>0.060969</td>\n",
       "      <td>0.061733</td>\n",
       "      <td>0.061582</td>\n",
       "      <td>0.030112</td>\n",
       "      <td>0.026996</td>\n",
       "      <td>0.023450</td>\n",
       "      <td>0.020344</td>\n",
       "      <td>0.024040</td>\n",
       "      <td>0.029197</td>\n",
       "    </tr>\n",
       "    <tr>\n",
       "      <th>Open</th>\n",
       "      <td>0.059253</td>\n",
       "      <td>1.000000</td>\n",
       "      <td>0.956656</td>\n",
       "      <td>0.989786</td>\n",
       "      <td>0.966809</td>\n",
       "      <td>0.766922</td>\n",
       "      <td>0.547285</td>\n",
       "      <td>0.504865</td>\n",
       "      <td>0.558792</td>\n",
       "      <td>0.526788</td>\n",
       "      <td>0.412123</td>\n",
       "    </tr>\n",
       "    <tr>\n",
       "      <th>High</th>\n",
       "      <td>0.060969</td>\n",
       "      <td>0.956656</td>\n",
       "      <td>1.000000</td>\n",
       "      <td>0.967626</td>\n",
       "      <td>0.985059</td>\n",
       "      <td>0.897311</td>\n",
       "      <td>0.510317</td>\n",
       "      <td>0.467326</td>\n",
       "      <td>0.519786</td>\n",
       "      <td>0.487109</td>\n",
       "      <td>0.382860</td>\n",
       "    </tr>\n",
       "    <tr>\n",
       "      <th>Low</th>\n",
       "      <td>0.061733</td>\n",
       "      <td>0.989786</td>\n",
       "      <td>0.967626</td>\n",
       "      <td>1.000000</td>\n",
       "      <td>0.983479</td>\n",
       "      <td>0.778114</td>\n",
       "      <td>0.549759</td>\n",
       "      <td>0.492459</td>\n",
       "      <td>0.561363</td>\n",
       "      <td>0.521866</td>\n",
       "      <td>0.372470</td>\n",
       "    </tr>\n",
       "    <tr>\n",
       "      <th>Close</th>\n",
       "      <td>0.061582</td>\n",
       "      <td>0.966809</td>\n",
       "      <td>0.985059</td>\n",
       "      <td>0.983479</td>\n",
       "      <td>1.000000</td>\n",
       "      <td>0.843186</td>\n",
       "      <td>0.561945</td>\n",
       "      <td>0.510436</td>\n",
       "      <td>0.573274</td>\n",
       "      <td>0.534999</td>\n",
       "      <td>0.402838</td>\n",
       "    </tr>\n",
       "    <tr>\n",
       "      <th>Volume</th>\n",
       "      <td>0.030112</td>\n",
       "      <td>0.766922</td>\n",
       "      <td>0.897311</td>\n",
       "      <td>0.778114</td>\n",
       "      <td>0.843186</td>\n",
       "      <td>1.000000</td>\n",
       "      <td>0.365184</td>\n",
       "      <td>0.346413</td>\n",
       "      <td>0.370401</td>\n",
       "      <td>0.354746</td>\n",
       "      <td>0.346008</td>\n",
       "    </tr>\n",
       "    <tr>\n",
       "      <th>Rolling_Open</th>\n",
       "      <td>0.026996</td>\n",
       "      <td>0.547285</td>\n",
       "      <td>0.510317</td>\n",
       "      <td>0.549759</td>\n",
       "      <td>0.561945</td>\n",
       "      <td>0.365184</td>\n",
       "      <td>1.000000</td>\n",
       "      <td>0.980544</td>\n",
       "      <td>0.995267</td>\n",
       "      <td>0.986504</td>\n",
       "      <td>0.860163</td>\n",
       "    </tr>\n",
       "    <tr>\n",
       "      <th>Rolling_High</th>\n",
       "      <td>0.023450</td>\n",
       "      <td>0.504865</td>\n",
       "      <td>0.467326</td>\n",
       "      <td>0.492459</td>\n",
       "      <td>0.510436</td>\n",
       "      <td>0.346413</td>\n",
       "      <td>0.980544</td>\n",
       "      <td>1.000000</td>\n",
       "      <td>0.982519</td>\n",
       "      <td>0.991340</td>\n",
       "      <td>0.929304</td>\n",
       "    </tr>\n",
       "    <tr>\n",
       "      <th>Rolling_Low</th>\n",
       "      <td>0.020344</td>\n",
       "      <td>0.558792</td>\n",
       "      <td>0.519786</td>\n",
       "      <td>0.561363</td>\n",
       "      <td>0.573274</td>\n",
       "      <td>0.370401</td>\n",
       "      <td>0.995267</td>\n",
       "      <td>0.982519</td>\n",
       "      <td>1.000000</td>\n",
       "      <td>0.992505</td>\n",
       "      <td>0.854641</td>\n",
       "    </tr>\n",
       "    <tr>\n",
       "      <th>Rolling_Close</th>\n",
       "      <td>0.024040</td>\n",
       "      <td>0.526788</td>\n",
       "      <td>0.487109</td>\n",
       "      <td>0.521866</td>\n",
       "      <td>0.534999</td>\n",
       "      <td>0.354746</td>\n",
       "      <td>0.986504</td>\n",
       "      <td>0.991340</td>\n",
       "      <td>0.992505</td>\n",
       "      <td>1.000000</td>\n",
       "      <td>0.890507</td>\n",
       "    </tr>\n",
       "    <tr>\n",
       "      <th>Rolling_Volume</th>\n",
       "      <td>0.029197</td>\n",
       "      <td>0.412123</td>\n",
       "      <td>0.382860</td>\n",
       "      <td>0.372470</td>\n",
       "      <td>0.402838</td>\n",
       "      <td>0.346008</td>\n",
       "      <td>0.860163</td>\n",
       "      <td>0.929304</td>\n",
       "      <td>0.854641</td>\n",
       "      <td>0.890507</td>\n",
       "      <td>1.000000</td>\n",
       "    </tr>\n",
       "  </tbody>\n",
       "</table>\n",
       "</div>"
      ],
      "text/plain": [
       "                     roberta_score_title      Open      High       Low  \\\n",
       "roberta_score_title             1.000000  0.059253  0.060969  0.061733   \n",
       "Open                            0.059253  1.000000  0.956656  0.989786   \n",
       "High                            0.060969  0.956656  1.000000  0.967626   \n",
       "Low                             0.061733  0.989786  0.967626  1.000000   \n",
       "Close                           0.061582  0.966809  0.985059  0.983479   \n",
       "Volume                          0.030112  0.766922  0.897311  0.778114   \n",
       "Rolling_Open                    0.026996  0.547285  0.510317  0.549759   \n",
       "Rolling_High                    0.023450  0.504865  0.467326  0.492459   \n",
       "Rolling_Low                     0.020344  0.558792  0.519786  0.561363   \n",
       "Rolling_Close                   0.024040  0.526788  0.487109  0.521866   \n",
       "Rolling_Volume                  0.029197  0.412123  0.382860  0.372470   \n",
       "\n",
       "                        Close    Volume  Rolling_Open  Rolling_High  \\\n",
       "roberta_score_title  0.061582  0.030112      0.026996      0.023450   \n",
       "Open                 0.966809  0.766922      0.547285      0.504865   \n",
       "High                 0.985059  0.897311      0.510317      0.467326   \n",
       "Low                  0.983479  0.778114      0.549759      0.492459   \n",
       "Close                1.000000  0.843186      0.561945      0.510436   \n",
       "Volume               0.843186  1.000000      0.365184      0.346413   \n",
       "Rolling_Open         0.561945  0.365184      1.000000      0.980544   \n",
       "Rolling_High         0.510436  0.346413      0.980544      1.000000   \n",
       "Rolling_Low          0.573274  0.370401      0.995267      0.982519   \n",
       "Rolling_Close        0.534999  0.354746      0.986504      0.991340   \n",
       "Rolling_Volume       0.402838  0.346008      0.860163      0.929304   \n",
       "\n",
       "                     Rolling_Low  Rolling_Close  Rolling_Volume  \n",
       "roberta_score_title     0.020344       0.024040        0.029197  \n",
       "Open                    0.558792       0.526788        0.412123  \n",
       "High                    0.519786       0.487109        0.382860  \n",
       "Low                     0.561363       0.521866        0.372470  \n",
       "Close                   0.573274       0.534999        0.402838  \n",
       "Volume                  0.370401       0.354746        0.346008  \n",
       "Rolling_Open            0.995267       0.986504        0.860163  \n",
       "Rolling_High            0.982519       0.991340        0.929304  \n",
       "Rolling_Low             1.000000       0.992505        0.854641  \n",
       "Rolling_Close           0.992505       1.000000        0.890507  \n",
       "Rolling_Volume          0.854641       0.890507        1.000000  "
      ]
     },
     "execution_count": 5,
     "metadata": {},
     "output_type": "execute_result"
    }
   ],
   "source": [
    "find_correlation([\"BBBY\"], \"roberta_score_title\", \"2022-01-01\", \"2022-11-01\", window=2)"
   ]
  },
  {
   "cell_type": "markdown",
   "id": "09da7a2c-857d-4d65-b044-7c0ad159e95d",
   "metadata": {},
   "source": [
    "#### HOOD"
   ]
  },
  {
   "cell_type": "code",
   "execution_count": 6,
   "id": "40260b99-49c0-49be-8476-0bdb9de7b551",
   "metadata": {},
   "outputs": [
    {
     "data": {
      "text/html": [
       "<div>\n",
       "<style scoped>\n",
       "    .dataframe tbody tr th:only-of-type {\n",
       "        vertical-align: middle;\n",
       "    }\n",
       "\n",
       "    .dataframe tbody tr th {\n",
       "        vertical-align: top;\n",
       "    }\n",
       "\n",
       "    .dataframe thead th {\n",
       "        text-align: right;\n",
       "    }\n",
       "</style>\n",
       "<table border=\"1\" class=\"dataframe\">\n",
       "  <thead>\n",
       "    <tr style=\"text-align: right;\">\n",
       "      <th></th>\n",
       "      <th>roberta_score_title</th>\n",
       "      <th>Open</th>\n",
       "      <th>High</th>\n",
       "      <th>Low</th>\n",
       "      <th>Close</th>\n",
       "      <th>Volume</th>\n",
       "      <th>Rolling_Open</th>\n",
       "      <th>Rolling_High</th>\n",
       "      <th>Rolling_Low</th>\n",
       "      <th>Rolling_Close</th>\n",
       "      <th>Rolling_Volume</th>\n",
       "    </tr>\n",
       "  </thead>\n",
       "  <tbody>\n",
       "    <tr>\n",
       "      <th>roberta_score_title</th>\n",
       "      <td>1.000000</td>\n",
       "      <td>0.158934</td>\n",
       "      <td>0.154750</td>\n",
       "      <td>0.169323</td>\n",
       "      <td>0.166968</td>\n",
       "      <td>0.016577</td>\n",
       "      <td>0.127565</td>\n",
       "      <td>0.125531</td>\n",
       "      <td>0.146059</td>\n",
       "      <td>0.142239</td>\n",
       "      <td>-0.190901</td>\n",
       "    </tr>\n",
       "    <tr>\n",
       "      <th>Open</th>\n",
       "      <td>0.158934</td>\n",
       "      <td>1.000000</td>\n",
       "      <td>0.985942</td>\n",
       "      <td>0.986914</td>\n",
       "      <td>0.968776</td>\n",
       "      <td>-0.084910</td>\n",
       "      <td>0.822742</td>\n",
       "      <td>0.814599</td>\n",
       "      <td>0.807464</td>\n",
       "      <td>0.798831</td>\n",
       "      <td>-0.120976</td>\n",
       "    </tr>\n",
       "    <tr>\n",
       "      <th>High</th>\n",
       "      <td>0.154750</td>\n",
       "      <td>0.985942</td>\n",
       "      <td>1.000000</td>\n",
       "      <td>0.985095</td>\n",
       "      <td>0.984758</td>\n",
       "      <td>-0.021547</td>\n",
       "      <td>0.828180</td>\n",
       "      <td>0.820155</td>\n",
       "      <td>0.810910</td>\n",
       "      <td>0.801052</td>\n",
       "      <td>-0.102313</td>\n",
       "    </tr>\n",
       "    <tr>\n",
       "      <th>Low</th>\n",
       "      <td>0.169323</td>\n",
       "      <td>0.986914</td>\n",
       "      <td>0.985095</td>\n",
       "      <td>1.000000</td>\n",
       "      <td>0.986681</td>\n",
       "      <td>-0.137105</td>\n",
       "      <td>0.830281</td>\n",
       "      <td>0.820900</td>\n",
       "      <td>0.817976</td>\n",
       "      <td>0.807785</td>\n",
       "      <td>-0.133211</td>\n",
       "    </tr>\n",
       "    <tr>\n",
       "      <th>Close</th>\n",
       "      <td>0.166968</td>\n",
       "      <td>0.968776</td>\n",
       "      <td>0.984758</td>\n",
       "      <td>0.986681</td>\n",
       "      <td>1.000000</td>\n",
       "      <td>-0.085165</td>\n",
       "      <td>0.833178</td>\n",
       "      <td>0.824499</td>\n",
       "      <td>0.818572</td>\n",
       "      <td>0.807916</td>\n",
       "      <td>-0.125260</td>\n",
       "    </tr>\n",
       "    <tr>\n",
       "      <th>Volume</th>\n",
       "      <td>0.016577</td>\n",
       "      <td>-0.084910</td>\n",
       "      <td>-0.021547</td>\n",
       "      <td>-0.137105</td>\n",
       "      <td>-0.085165</td>\n",
       "      <td>1.000000</td>\n",
       "      <td>-0.197834</td>\n",
       "      <td>-0.186867</td>\n",
       "      <td>-0.229198</td>\n",
       "      <td>-0.222664</td>\n",
       "      <td>0.272055</td>\n",
       "    </tr>\n",
       "    <tr>\n",
